/home1/09055/woodie/assigment 2/Olatunde_Orru/16384
Mon Apr  1 13:40:44 CDT 2024
Executing code run 1
The routine took 35814290.000000 microseconds 


TOTAL PROCESSED SAMPLES: 16384
===========================================
XR[0]: 35.400000	XI[0]: 33.900000
===========================================
XR[1]: 35.442711	XI[1]: 33.849609
XR[2]: 35.485325	XI[2]: 33.799140
XR[3]: 35.527842	XI[3]: 33.748595
XR[4]: 35.570261	XI[4]: 33.697973
XR[5]: 35.612583	XI[5]: 33.647274
XR[6]: 35.654807	XI[6]: 33.596500
XR[7]: 35.696932	XI[7]: 33.545649
XR[8]: 35.738960	XI[8]: 33.494723
XR[9]: 35.780890	XI[9]: 33.443721
XR[10]: 35.822721	XI[10]: 33.392644
===========================================

Executing code run 2
The routine took 36051196.000000 microseconds 


TOTAL PROCESSED SAMPLES: 16384
===========================================
XR[0]: 35.400000	XI[0]: 33.900000
===========================================
XR[1]: 35.442711	XI[1]: 33.849609
XR[2]: 35.485325	XI[2]: 33.799140
XR[3]: 35.527842	XI[3]: 33.748595
XR[4]: 35.570261	XI[4]: 33.697973
XR[5]: 35.612583	XI[5]: 33.647274
XR[6]: 35.654807	XI[6]: 33.596500
XR[7]: 35.696932	XI[7]: 33.545649
XR[8]: 35.738960	XI[8]: 33.494723
XR[9]: 35.780890	XI[9]: 33.443721
XR[10]: 35.822721	XI[10]: 33.392644
===========================================

Executing code run 3
The routine took 35848168.000000 microseconds 


TOTAL PROCESSED SAMPLES: 16384
===========================================
XR[0]: 35.400000	XI[0]: 33.900000
===========================================
XR[1]: 35.442711	XI[1]: 33.849609
XR[2]: 35.485325	XI[2]: 33.799140
XR[3]: 35.527842	XI[3]: 33.748595
XR[4]: 35.570261	XI[4]: 33.697973
XR[5]: 35.612583	XI[5]: 33.647274
XR[6]: 35.654807	XI[6]: 33.596500
XR[7]: 35.696932	XI[7]: 33.545649
XR[8]: 35.738960	XI[8]: 33.494723
XR[9]: 35.780890	XI[9]: 33.443721
XR[10]: 35.822721	XI[10]: 33.392644
===========================================

